0321237072
9780387900889
354090459X
0883851202
9780521342520
0024041513
9780521596411
0521247624
9780821806821
B00377KCME
9780122155406
9780387406237
9780387909929
081763326X
9780691127989
9780387942803
9780821845165
3540966757
3540330682
9780387947549
0486466701
354066422X
0817629459
9780387942254
9780817637927
9781402050091
9780821844489
3540112847
0387965696
0387900705
3540628908
0387903283
9780387953236
0387971513
9780486658124
9780387900537
3540963472
9780821869956
9780387944609
9780521449038
9780521596428
9780387901084
9780387943282
0716704420
9780691049915
9783540042457
0387564896
9780821820803
9780821832875
9780471526384
9780521469005
0716799480
9789810245078
9780387986685
3540962743
0817643494
9780387902449
B0000CMCM1
9783540046165
0821845470
3764334487
0821816373
9780521738668
9780950273426
9780817630034
9783540212904
9780817647704
9780471128076
9780387902715
9780817648398
9780821831786
376433441X
9780387986692
0387971521
3540964169
3528164336
0121791505
0821816365
0387900896
9780471694922
3764332115
B000DLBNUW
0521080762
0387970312
B0019K4R6S
9780387260402
9780800500016
9780521469012
9780805335576
B002F9KQCG
0521423856
B000NUMIS4
9780387953854
038790056X
9780387909974
9780521580496
0387170154
9783642460685
3528285931
9783540617952
9780387207339
9780691139517
9780521467759
0387116583
9783540806325
9780521436137
3540908943
0387177469
