9780387900537
9780821832875
9780387902449
9780521738668
9780817648398
9780387345420
9780821844489
9780387901909
0471060046
9780387974958
0821809040
9780950273426
9780950273426
9780387900537
9780821832875
9780387902449
9780521738668
9780817648398
9780387345420
9780821844489
9780387901909
0471060046
9780387974958
0821809040
9780950273426
9780950273426
9780387904245
9780471523673
9780521559874
9780486638324
9780387406237
9780442040796
9780387986685
B000NUMIS4
9780387902791
9780486450100
9780131464131
9780521065672
9780070542365
9780198534464
0521247624
3528164336
9780387260402
9780821869956
9780821820803
9780387942254
3540908943
0387908943
9780387909974
3764334487
9789810245078
0716704420
9780471128076
0883851202
9781614274711
0883851288
9781603860499
9780387953236
9781400077977
0486246116
9780387942803
B000ND68GY
9780486640235
9780521693950
1568811411
B001KI9LJC
9780486658124
3540962743
9780486446189
0387092560
354090459X
9780817647704
9780486693149
376433441X
0521423856
3540964053
B0000CMCM1
071672393X
0452287839
3540901957
9780821806821
0817629459
9780486438085
9780195105193
9780486428758
9780486409191
9780814758168
9780521092272
0671750615
9780387207339
0387900705
9781402050091
0387970312
0024041513
9780828402361
0387903429
0387067892
3540963472
038790056X
9780131481015
3540966757
9780387902449
007054235X
9780387906133
9780471694922
9780521449038
0121791505
B0019K4R6S
9780226317212
0387564896
0521080762
9783540042457
9780070542358
0127496505
081763326X
0321237072
9780072872521
9780387900889
9780691049915
3540900896
0387900896
9780387944609
9780387947549
0387177469
9780226317212
9780486605098
3540903283
0387903283
0387097163
B002F9KQCG
9783540046165
0817643494
038798271X
9780691127989
9780821803134
9780521580496
0262560992
9780486259338
0387170154
0387116583
9780486600901
3540971521
0387971521
0387971513
9780521540315
9780521546775
9783540617952
9780124654501
9780821845165
0821845470
9783642460685
354066422X
9780821821299
9780124919563
9780691023564
9780521342520
9780387954486
3540965696
0387965696
9780805335576
9780817630034
9780821831786
9780387984032
9780387902715
9780471526384
048668735X
9780387909929
9780521596411
9780387953854
B0006BVKKM
0486466701
9780393327601
9780521596428
0122155408
9780122155406
9780387942698
3540963111
0387963111
3540628908
9780521425308
9780521466936
3540943706
0387943706
9780486683706
9780716728771
9782891135009
9780521469012
9780521469005
9780521467759
3540964169
9780465082315
0716799480
3540966781
0387966781
3764332115
3528285931
3540112847
3540330682
9783540212904
9780201407518
9780387953366
9780387943282
9780387986692
9780821835418
9780521795401
3540058370
9780800500016
9780691080529
9780521436137
0810980843
3764334487
9783540421924
9783540806325
9783540806325
9780387901084
9780486666518
9783540580027
9780738202969
9780805390216
9780471433347
0821816373
0821816365
9780691118802
9780691059174
B00377KCME
B000S6DXY6
B000DLBNUW
9780691113845
9780817637927
9780691139517
